Tilized original sin tiles
cb_id 3: { unpack data format: 6, size: 136, limit: 7216, page_size: 68, num_pages: 0, rd_ptr: 7080, wr_ptr: 0, wr_tile_ptr: 0 }
======

0:  0 1 2 3 4 5 6 7 8 9 10 11 12 13 14 15 16 17 18 19 20 21 22 23 24 25 26 27 28 29 30 31

1:  64 65 66 67 68 69 70 71 72 73 74 75 76 77 78 79 80 81 82 83 84 85 86 87 88 89 90 91 92 93 94 95

2:  128 130 130 132 132 134 134 136 136 138 138 140 140 142 142 144 144 146 146 148 148 150 150 152 152 154 154 156 156 158 158 160

3:  192 194 194 196 196 198 198 200 200 202 202 204 204 206 206 208 208 210 210 212 212 214 214 216 216 218 218 220 220 222 222 224

4:  256 256 260 260 260 260 264 264 264 264 268 268 268 268 272 272 272 272 276 276 276 276 280 280 280 280 284 284 284 284 288 288

5:  320 320 324 324 324 324 328 328 328 328 332 332 332 332 336 336 336 336 340 340 340 340 344 344 344 344 348 348 348 348 352 352

6:  384 384 388 388 388 388 392 392 392 392 396 396 396 396 400 400 400 400 404 404 404 404 408 408 408 408 412 412 412 412 416 416

7:  448 448 452 452 452 452 456 456 456 456 460 460 460 460 464 464 464 464 468 468 468 468 472 472 472 472 476 476 476 476 480 480


8:  512 512 512 520 520 520 520 520 520 520 520 528 528 528 528 528 528 528 528 536 536 536 536 536 536 536 536 544 544 544 544 544

9:  576 576 576 584 584 584 584 584 584 584 584 592 592 592 592 592 592 592 592 600 600 600 600 600 600 600 600 608 608 608 608 608

10:  640 640 640 648 648 648 648 648 648 648 648 656 656 656 656 656 656 656 656 664 664 664 664 664 664 664 664 672 672 672 672 672

11:  704 704 704 712 712 712 712 712 712 712 712 720 720 720 720 720 720 720 720 728 728 728 728 728 728 728 728 736 736 736 736 736

12:  768 768 768 776 776 776 776 776 776 776 776 784 784 784 784 784 784 784 784 792 792 792 792 792 792 792 792 800 800 800 800 800

13:  832 832 832 840 840 840 840 840 840 840 840 848 848 848 848 848 848 848 848 856 856 856 856 856 856 856 856 864 864 864 864 864

14:  896 896 896 904 904 904 904 904 904 904 904 912 912 912 912 912 912 912 912 920 920 920 920 920 920 920 920 928 928 928 928 928

15:  960 960 960 968 968 968 968 968 968 968 968 976 976 976 976 976 976 976 976 984 984 984 984 984 984 984 984 992 992 992 992 992


16:  1024 1024 1024 1024 1024 1040 1040 1040 1040 1040 1040 1040 1040 1040 1040 1040 1040 1040 1040 1040 1040 1056 1056 1056 1056 1056 1056 1056 1056 1056 1056 1056

17:  1088 1088 1088 1088 1088 1104 1104 1104 1104 1104 1104 1104 1104 1104 1104 1104 1104 1104 1104 1104 1104 1120 1120 1120 1120 1120 1120 1120 1120 1120 1120 1120

18:  1152 1152 1152 1152 1152 1168 1168 1168 1168 1168 1168 1168 1168 1168 1168 1168 1168 1168 1168 1168 1168 1184 1184 1184 1184 1184 1184 1184 1184 1184 1184 1184

19:  1216 1216 1216 1216 1216 1232 1232 1232 1232 1232 1232 1232 1232 1232 1232 1232 1232 1232 1232 1232 1232 1248 1248 1248 1248 1248 1248 1248 1248 1248 1248 1248

20:  1280 1280 1280 1280 1280 1296 1296 1296 1296 1296 1296 1296 1296 1296 1296 1296 1296 1296 1296 1296 1296 1312 1312 1312 1312 1312 1312 1312 1312 1312 1312 1312

21:  1344 1344 1344 1344 1344 1360 1360 1360 1360 1360 1360 1360 1360 1360 1360 1360 1360 1360 1360 1360 1360 1376 1376 1376 1376 1376 1376 1376 1376 1376 1376 1376

22:  1408 1408 1408 1408 1408 1424 1424 1424 1424 1424 1424 1424 1424 1424 1424 1424 1424 1424 1424 1424 1424 1440 1440 1440 1440 1440 1440 1440 1440 1440 1440 1440

23:  1472 1472 1472 1472 1472 1488 1488 1488 1488 1488 1488 1488 1488 1488 1488 1488 1488 1488 1488 1488 1488 1504 1504 1504 1504 1504 1504 1504 1504 1504 1504 1504


24:  1536 1536 1536 1536 1536 1552 1552 1552 1552 1552 1552 1552 1552 1552 1552 1552 1552 1552 1552 1552 1552 1568 1568 1568 1568 1568 1568 1568 1568 1568 1568 1568

25:  1600 1600 1600 1600 1600 1616 1616 1616 1616 1616 1616 1616 1616 1616 1616 1616 1616 1616 1616 1616 1616 1632 1632 1632 1632 1632 1632 1632 1632 1632 1632 1632

26:  1664 1664 1664 1664 1664 1680 1680 1680 1680 1680 1680 1680 1680 1680 1680 1680 1680 1680 1680 1680 1680 1696 1696 1696 1696 1696 1696 1696 1696 1696 1696 1696

27:  1728 1728 1728 1728 1728 1744 1744 1744 1744 1744 1744 1744 1744 1744 1744 1744 1744 1744 1744 1744 1744 1760 1760 1760 1760 1760 1760 1760 1760 1760 1760 1760

28:  1792 1792 1792 1792 1792 1808 1808 1808 1808 1808 1808 1808 1808 1808 1808 1808 1808 1808 1808 1808 1808 1824 1824 1824 1824 1824 1824 1824 1824 1824 1824 1824

29:  1856 1856 1856 1856 1856 1872 1872 1872 1872 1872 1872 1872 1872 1872 1872 1872 1872 1872 1872 1872 1872 1888 1888 1888 1888 1888 1888 1888 1888 1888 1888 1888

30:  1920 1920 1920 1920 1920 1936 1936 1936 1936 1936 1936 1936 1936 1936 1936 1936 1936 1936 1936 1936 1936 1952 1952 1952 1952 1952 1952 1952 1952 1952 1952 1952

31:  1984 1984 1984 1984 1984 2000 2000 2000 2000 2000 2000 2000 2000 2000 2000 2000 2000 2000 2000 2000 2000 2016 2016 2016 2016 2016 2016 2016 2016 2016 2016 2016

++++++
======

0:  32 33 34 35 36 37 38 39 40 41 42 43 44 45 46 47 48 49 50 51 52 53 54 55 56 57 58 59 60 61 62 63

1:  96 97 98 99 100 101 102 103 104 105 106 107 108 109 110 111 112 113 114 115 116 117 118 119 120 121 122 123 124 125 126 127

2:  160 162 162 164 164 166 166 168 168 170 170 172 172 174 174 176 176 178 178 180 180 182 182 184 184 186 186 188 188 190 190 192

3:  224 226 226 228 228 230 230 232 232 234 234 236 236 238 238 240 240 242 242 244 244 246 246 248 248 250 250 252 252 254 254 254

4:  288 288 292 292 292 292 296 296 296 296 300 300 300 300 304 304 304 304 308 308 308 308 312 312 312 312 316 316 316 316 320 320

5:  352 352 356 356 356 356 360 360 360 360 364 364 364 364 368 368 368 368 372 372 372 372 376 376 376 376 380 380 380 380 384 384

6:  416 416 420 420 420 420 424 424 424 424 428 428 428 428 432 432 432 432 436 436 436 436 440 440 440 440 444 444 444 444 448 448

7:  480 480 484 484 484 484 488 488 488 488 492 492 492 492 496 496 496 496 496 504 504 504 504 504 504 504 504 512 512 512 512 512


8:  544 544 544 552 552 552 552 552 552 552 552 560 560 560 560 560 560 560 560 568 568 568 568 568 568 568 568 576 576 576 576 576

9:  608 608 608 616 616 616 616 616 616 616 616 624 624 624 624 624 624 624 624 632 632 632 632 632 632 632 632 640 640 640 640 640

10:  672 672 672 680 680 680 680 680 680 680 680 688 688 688 688 688 688 688 688 696 696 696 696 696 696 696 696 704 704 704 704 704

11:  736 736 736 744 744 744 744 744 744 744 744 752 752 752 752 752 752 752 752 760 760 760 760 760 760 760 760 768 768 768 768 768

12:  800 800 800 808 808 808 808 808 808 808 808 816 816 816 816 816 816 816 816 824 824 824 824 824 824 824 824 832 832 832 832 832

13:  864 864 864 872 872 872 872 872 872 872 872 880 880 880 880 880 880 880 880 888 888 888 888 888 888 888 888 896 896 896 896 896

14:  928 928 928 936 936 936 936 936 936 936 936 944 944 944 944 944 944 944 944 952 952 952 952 952 952 952 952 960 960 960 960 960

15:  992 992 992 1000 1000 1000 1000 1000 1000 1000 1000 1008 1008 1008 1008 1008 1008 1008 1008 1008 1008 1008 1024 1024 1024 1024 1024 1024 1024 1024 1024 1024


16:  1056 1056 1056 1056 1056 1072 1072 1072 1072 1072 1072 1072 1072 1072 1072 1072 1072 1072 1072 1072 1072 1088 1088 1088 1088 1088 1088 1088 1088 1088 1088 1088

17:  1120 1120 1120 1120 1120 1136 1136 1136 1136 1136 1136 1136 1136 1136 1136 1136 1136 1136 1136 1136 1136 1152 1152 1152 1152 1152 1152 1152 1152 1152 1152 1152

18:  1184 1184 1184 1184 1184 1200 1200 1200 1200 1200 1200 1200 1200 1200 1200 1200 1200 1200 1200 1200 1200 1216 1216 1216 1216 1216 1216 1216 1216 1216 1216 1216

19:  1248 1248 1248 1248 1248 1264 1264 1264 1264 1264 1264 1264 1264 1264 1264 1264 1264 1264 1264 1264 1264 1280 1280 1280 1280 1280 1280 1280 1280 1280 1280 1280

20:  1312 1312 1312 1312 1312 1328 1328 1328 1328 1328 1328 1328 1328 1328 1328 1328 1328 1328 1328 1328 1328 1344 1344 1344 1344 1344 1344 1344 1344 1344 1344 1344

21:  1376 1376 1376 1376 1376 1392 1392 1392 1392 1392 1392 1392 1392 1392 1392 1392 1392 1392 1392 1392 1392 1408 1408 1408 1408 1408 1408 1408 1408 1408 1408 1408

22:  1440 1440 1440 1440 1440 1456 1456 1456 1456 1456 1456 1456 1456 1456 1456 1456 1456 1456 1456 1456 1456 1472 1472 1472 1472 1472 1472 1472 1472 1472 1472 1472

23:  1504 1504 1504 1504 1504 1520 1520 1520 1520 1520 1520 1520 1520 1520 1520 1520 1520 1520 1520 1520 1520 1536 1536 1536 1536 1536 1536 1536 1536 1536 1536 1536


24:  1568 1568 1568 1568 1568 1584 1584 1584 1584 1584 1584 1584 1584 1584 1584 1584 1584 1584 1584 1584 1584 1600 1600 1600 1600 1600 1600 1600 1600 1600 1600 1600

25:  1632 1632 1632 1632 1632 1648 1648 1648 1648 1648 1648 1648 1648 1648 1648 1648 1648 1648 1648 1648 1648 1664 1664 1664 1664 1664 1664 1664 1664 1664 1664 1664

26:  1696 1696 1696 1696 1696 1712 1712 1712 1712 1712 1712 1712 1712 1712 1712 1712 1712 1712 1712 1712 1712 1728 1728 1728 1728 1728 1728 1728 1728 1728 1728 1728

27:  1760 1760 1760 1760 1760 1776 1776 1776 1776 1776 1776 1776 1776 1776 1776 1776 1776 1776 1776 1776 1776 1792 1792 1792 1792 1792 1792 1792 1792 1792 1792 1792

28:  1824 1824 1824 1824 1824 1840 1840 1840 1840 1840 1840 1840 1840 1840 1840 1840 1840 1840 1840 1840 1840 1856 1856 1856 1856 1856 1856 1856 1856 1856 1856 1856

29:  1888 1888 1888 1888 1888 1904 1904 1904 1904 1904 1904 1904 1904 1904 1904 1904 1904 1904 1904 1904 1904 1920 1920 1920 1920 1920 1920 1920 1920 1920 1920 1920

30:  1952 1952 1952 1952 1952 1968 1968 1968 1968 1968 1968 1968 1968 1968 1968 1968 1968 1968 1968 1968 1968 1984 1984 1984 1984 1984 1984 1984 1984 1984 1984 1984

31:  2016 2016 2016 2016 2016 2032 2032 2032 2032 2032 2032 2032 2032 2032 2032 2032 2048 2048 2048 2048 2048 2048 2048 2048 2048 2048 2048 2048 2048 2048 2048 2048

++++++
Untilized sin tiles
cb_id 28: { unpack data format: 5, size: 256, limit: 8904, page_size: 128, num_pages: 0, rd_ptr: 8648, wr_ptr: 0, wr_tile_ptr: 0 }
======

0:  0 1 2 3 4 5 6 7 8 9 10 11 12 13 14 15 16 17 18 19 20 21 22 23 24 25 26 27 28 29 30 31

1:  32 33 34 35 36 37 38 39 40 41 42 43 44 45 46 47 48 49 50 51 52 53 54 55 56 57 58 59 60 61 62 63

2:  64 65 66 67 68 69 70 71 72 73 74 75 76 77 78 79 80 81 82 83 84 85 86 87 88 89 90 91 92 93 94 95

3:  96 97 98 99 100 101 102 103 104 105 106 107 108 109 110 111 112 113 114 115 116 117 118 119 120 121 122 123 124 125 126 127

4:  128 130 130 132 132 134 134 136 136 138 138 140 140 142 142 144 144 146 146 148 148 150 150 152 152 154 154 156 156 158 158 160

5:  160 162 162 164 164 166 166 168 168 170 170 172 172 174 174 176 176 178 178 180 180 182 182 184 184 186 186 188 188 190 190 192

6:  192 194 194 196 196 198 198 200 200 202 202 204 204 206 206 208 208 210 210 212 212 214 214 216 216 218 218 220 220 222 222 224

7:  224 226 226 228 228 230 230 232 232 234 234 236 236 238 238 240 240 242 242 244 244 246 246 248 248 250 250 252 252 254 254 254


8:  256 256 260 260 260 260 264 264 264 264 268 268 268 268 272 272 272 272 276 276 276 276 280 280 280 280 284 284 284 284 288 288

9:  288 288 292 292 292 292 296 296 296 296 300 300 300 300 304 304 304 304 308 308 308 308 312 312 312 312 316 316 316 316 320 320

10:  320 320 324 324 324 324 328 328 328 328 332 332 332 332 336 336 336 336 340 340 340 340 344 344 344 344 348 348 348 348 352 352

11:  352 352 356 356 356 356 360 360 360 360 364 364 364 364 368 368 368 368 372 372 372 372 376 376 376 376 380 380 380 380 384 384

12:  384 384 388 388 388 388 392 392 392 392 396 396 396 396 400 400 400 400 404 404 404 404 408 408 408 408 412 412 412 412 416 416

13:  416 416 420 420 420 420 424 424 424 424 428 428 428 428 432 432 432 432 436 436 436 436 440 440 440 440 444 444 444 444 448 448

14:  448 448 452 452 452 452 456 456 456 456 460 460 460 460 464 464 464 464 468 468 468 468 472 472 472 472 476 476 476 476 480 480

15:  480 480 484 484 484 484 488 488 488 488 492 492 492 492 496 496 496 496 496 504 504 504 504 504 504 504 504 512 512 512 512 512


16:  512 512 512 520 520 520 520 520 520 520 520 528 528 528 528 528 528 528 528 536 536 536 536 536 536 536 536 544 544 544 544 544

17:  544 544 544 552 552 552 552 552 552 552 552 560 560 560 560 560 560 560 560 568 568 568 568 568 568 568 568 576 576 576 576 576

18:  576 576 576 584 584 584 584 584 584 584 584 592 592 592 592 592 592 592 592 600 600 600 600 600 600 600 600 608 608 608 608 608

19:  608 608 608 616 616 616 616 616 616 616 616 624 624 624 624 624 624 624 624 632 632 632 632 632 632 632 632 640 640 640 640 640

20:  640 640 640 648 648 648 648 648 648 648 648 656 656 656 656 656 656 656 656 664 664 664 664 664 664 664 664 672 672 672 672 672

21:  672 672 672 680 680 680 680 680 680 680 680 688 688 688 688 688 688 688 688 696 696 696 696 696 696 696 696 704 704 704 704 704

22:  704 704 704 712 712 712 712 712 712 712 712 720 720 720 720 720 720 720 720 728 728 728 728 728 728 728 728 736 736 736 736 736

23:  736 736 736 744 744 744 744 744 744 744 744 752 752 752 752 752 752 752 752 760 760 760 760 760 760 760 760 768 768 768 768 768


24:  768 768 768 776 776 776 776 776 776 776 776 784 784 784 784 784 784 784 784 792 792 792 792 792 792 792 792 800 800 800 800 800

25:  800 800 800 808 808 808 808 808 808 808 808 816 816 816 816 816 816 816 816 824 824 824 824 824 824 824 824 832 832 832 832 832

26:  832 832 832 840 840 840 840 840 840 840 840 848 848 848 848 848 848 848 848 856 856 856 856 856 856 856 856 864 864 864 864 864

27:  864 864 864 872 872 872 872 872 872 872 872 880 880 880 880 880 880 880 880 888 888 888 888 888 888 888 888 896 896 896 896 896

28:  896 896 896 904 904 904 904 904 904 904 904 912 912 912 912 912 912 912 912 920 920 920 920 920 920 920 920 928 928 928 928 928

29:  928 928 928 936 936 936 936 936 936 936 936 944 944 944 944 944 944 944 944 952 952 952 952 952 952 952 952 960 960 960 960 960

30:  960 960 960 968 968 968 968 968 968 968 968 976 976 976 976 976 976 976 976 984 984 984 984 984 984 984 984 992 992 992 992 992

31:  992 992 992 1000 1000 1000 1000 1000 1000 1000 1000 1008 1008 1008 1008 1008 1008 1008 1008 1008 1008 1008 1024 1024 1024 1024 1024 1024 1024 1024 1024 1024

++++++
======

0:  1024 1024 1024 1024 1024 1040 1040 1040 1040 1040 1040 1040 1040 1040 1040 1040 1040 1040 1040 1040 1040 1056 1056 1056 1056 1056 1056 1056 1056 1056 1056 1056

1:  1056 1056 1056 1056 1056 1072 1072 1072 1072 1072 1072 1072 1072 1072 1072 1072 1072 1072 1072 1072 1072 1088 1088 1088 1088 1088 1088 1088 1088 1088 1088 1088

2:  1088 1088 1088 1088 1088 1104 1104 1104 1104 1104 1104 1104 1104 1104 1104 1104 1104 1104 1104 1104 1104 1120 1120 1120 1120 1120 1120 1120 1120 1120 1120 1120

3:  1120 1120 1120 1120 1120 1136 1136 1136 1136 1136 1136 1136 1136 1136 1136 1136 1136 1136 1136 1136 1136 1152 1152 1152 1152 1152 1152 1152 1152 1152 1152 1152

4:  1152 1152 1152 1152 1152 1168 1168 1168 1168 1168 1168 1168 1168 1168 1168 1168 1168 1168 1168 1168 1168 1184 1184 1184 1184 1184 1184 1184 1184 1184 1184 1184

5:  1184 1184 1184 1184 1184 1200 1200 1200 1200 1200 1200 1200 1200 1200 1200 1200 1200 1200 1200 1200 1200 1216 1216 1216 1216 1216 1216 1216 1216 1216 1216 1216

6:  1216 1216 1216 1216 1216 1232 1232 1232 1232 1232 1232 1232 1232 1232 1232 1232 1232 1232 1232 1232 1232 1248 1248 1248 1248 1248 1248 1248 1248 1248 1248 1248

7:  1248 1248 1248 1248 1248 1264 1264 1264 1264 1264 1264 1264 1264 1264 1264 1264 1264 1264 1264 1264 1264 1280 1280 1280 1280 1280 1280 1280 1280 1280 1280 1280


8:  1280 1280 1280 1280 1280 1296 1296 1296 1296 1296 1296 1296 1296 1296 1296 1296 1296 1296 1296 1296 1296 1312 1312 1312 1312 1312 1312 1312 1312 1312 1312 1312

9:  1312 1312 1312 1312 1312 1328 1328 1328 1328 1328 1328 1328 1328 1328 1328 1328 1328 1328 1328 1328 1328 1344 1344 1344 1344 1344 1344 1344 1344 1344 1344 1344

10:  1344 1344 1344 1344 1344 1360 1360 1360 1360 1360 1360 1360 1360 1360 1360 1360 1360 1360 1360 1360 1360 1376 1376 1376 1376 1376 1376 1376 1376 1376 1376 1376

11:  1376 1376 1376 1376 1376 1392 1392 1392 1392 1392 1392 1392 1392 1392 1392 1392 1392 1392 1392 1392 1392 1408 1408 1408 1408 1408 1408 1408 1408 1408 1408 1408

12:  1408 1408 1408 1408 1408 1424 1424 1424 1424 1424 1424 1424 1424 1424 1424 1424 1424 1424 1424 1424 1424 1440 1440 1440 1440 1440 1440 1440 1440 1440 1440 1440

13:  1440 1440 1440 1440 1440 1456 1456 1456 1456 1456 1456 1456 1456 1456 1456 1456 1456 1456 1456 1456 1456 1472 1472 1472 1472 1472 1472 1472 1472 1472 1472 1472

14:  1472 1472 1472 1472 1472 1488 1488 1488 1488 1488 1488 1488 1488 1488 1488 1488 1488 1488 1488 1488 1488 1504 1504 1504 1504 1504 1504 1504 1504 1504 1504 1504

15:  1504 1504 1504 1504 1504 1520 1520 1520 1520 1520 1520 1520 1520 1520 1520 1520 1520 1520 1520 1520 1520 1536 1536 1536 1536 1536 1536 1536 1536 1536 1536 1536


16:  1536 1536 1536 1536 1536 1552 1552 1552 1552 1552 1552 1552 1552 1552 1552 1552 1552 1552 1552 1552 1552 1568 1568 1568 1568 1568 1568 1568 1568 1568 1568 1568

17:  1568 1568 1568 1568 1568 1584 1584 1584 1584 1584 1584 1584 1584 1584 1584 1584 1584 1584 1584 1584 1584 1600 1600 1600 1600 1600 1600 1600 1600 1600 1600 1600

18:  1600 1600 1600 1600 1600 1616 1616 1616 1616 1616 1616 1616 1616 1616 1616 1616 1616 1616 1616 1616 1616 1632 1632 1632 1632 1632 1632 1632 1632 1632 1632 1632

19:  1632 1632 1632 1632 1632 1648 1648 1648 1648 1648 1648 1648 1648 1648 1648 1648 1648 1648 1648 1648 1648 1664 1664 1664 1664 1664 1664 1664 1664 1664 1664 1664

20:  1664 1664 1664 1664 1664 1680 1680 1680 1680 1680 1680 1680 1680 1680 1680 1680 1680 1680 1680 1680 1680 1696 1696 1696 1696 1696 1696 1696 1696 1696 1696 1696

21:  1696 1696 1696 1696 1696 1712 1712 1712 1712 1712 1712 1712 1712 1712 1712 1712 1712 1712 1712 1712 1712 1728 1728 1728 1728 1728 1728 1728 1728 1728 1728 1728

22:  1728 1728 1728 1728 1728 1744 1744 1744 1744 1744 1744 1744 1744 1744 1744 1744 1744 1744 1744 1744 1744 1760 1760 1760 1760 1760 1760 1760 1760 1760 1760 1760

23:  1760 1760 1760 1760 1760 1776 1776 1776 1776 1776 1776 1776 1776 1776 1776 1776 1776 1776 1776 1776 1776 1792 1792 1792 1792 1792 1792 1792 1792 1792 1792 1792


24:  1792 1792 1792 1792 1792 1808 1808 1808 1808 1808 1808 1808 1808 1808 1808 1808 1808 1808 1808 1808 1808 1824 1824 1824 1824 1824 1824 1824 1824 1824 1824 1824

25:  1824 1824 1824 1824 1824 1840 1840 1840 1840 1840 1840 1840 1840 1840 1840 1840 1840 1840 1840 1840 1840 1856 1856 1856 1856 1856 1856 1856 1856 1856 1856 1856

26:  1856 1856 1856 1856 1856 1872 1872 1872 1872 1872 1872 1872 1872 1872 1872 1872 1872 1872 1872 1872 1872 1888 1888 1888 1888 1888 1888 1888 1888 1888 1888 1888

27:  1888 1888 1888 1888 1888 1904 1904 1904 1904 1904 1904 1904 1904 1904 1904 1904 1904 1904 1904 1904 1904 1920 1920 1920 1920 1920 1920 1920 1920 1920 1920 1920

28:  1920 1920 1920 1920 1920 1936 1936 1936 1936 1936 1936 1936 1936 1936 1936 1936 1936 1936 1936 1936 1936 1952 1952 1952 1952 1952 1952 1952 1952 1952 1952 1952

29:  1952 1952 1952 1952 1952 1968 1968 1968 1968 1968 1968 1968 1968 1968 1968 1968 1968 1968 1968 1968 1968 1984 1984 1984 1984 1984 1984 1984 1984 1984 1984 1984

30:  1984 1984 1984 1984 1984 2000 2000 2000 2000 2000 2000 2000 2000 2000 2000 2000 2000 2000 2000 2000 2000 2016 2016 2016 2016 2016 2016 2016 2016 2016 2016 2016

31:  2016 2016 2016 2016 2016 2032 2032 2032 2032 2032 2032 2032 2032 2032 2032 2032 2048 2048 2048 2048 2048 2048 2048 2048 2048 2048 2048 2048 2048 2048 2048 2048

++++++
Retilized sin tiles
cb_id 30: { unpack data format: 6, size: 136, limit: 8392, page_size: 68, num_pages: 0, rd_ptr: 8256, wr_ptr: 0, wr_tile_ptr: 0 }
======

0:  0 1 2 3 4 5 6 7 8 9 10 11 12 13 14 15 16 17 18 19 20 21 22 23 24 25 26 27 28 29 30 31

1:  64 65 66 67 68 69 70 71 72 73 74 75 76 77 78 79 80 81 82 83 84 85 86 87 88 89 90 91 92 93 94 95

2:  256 256 260 260 260 260 264 264 264 264 268 268 268 268 272 272 272 272 276 276 276 276 280 280 280 280 284 284 284 284 288 288

3:  320 320 324 324 324 324 328 328 328 328 332 332 332 332 336 336 336 336 340 340 340 340 344 344 344 344 348 348 348 348 352 352

4:  512 512 512 520 520 520 520 520 520 520 520 528 528 528 528 528 528 528 528 536 536 536 536 536 536 536 536 544 544 544 544 544

5:  576 576 576 584 584 584 584 584 584 584 584 592 592 592 592 592 592 592 592 600 600 600 600 600 600 600 600 608 608 608 608 608

6:  768 768 768 776 776 776 776 776 776 776 776 784 784 784 784 784 784 784 784 792 792 792 792 792 792 792 792 800 800 800 800 800

7:  832 832 832 840 840 840 840 840 840 840 840 848 848 848 848 848 848 848 848 856 856 856 856 856 856 856 856 864 864 864 864 864


8:  1024 1024 1024 1024 1024 1040 1040 1040 1040 1040 1040 1040 1040 1040 1040 1040 1040 1040 1040 1040 1040 1056 1056 1056 1056 1056 1056 1056 1056 1056 1056 1056

9:  1088 1088 1088 1088 1088 1104 1104 1104 1104 1104 1104 1104 1104 1104 1104 1104 1104 1104 1104 1104 1104 1120 1120 1120 1120 1120 1120 1120 1120 1120 1120 1120

10:  1280 1280 1280 1280 1280 1296 1296 1296 1296 1296 1296 1296 1296 1296 1296 1296 1296 1296 1296 1296 1296 1312 1312 1312 1312 1312 1312 1312 1312 1312 1312 1312

11:  1344 1344 1344 1344 1344 1360 1360 1360 1360 1360 1360 1360 1360 1360 1360 1360 1360 1360 1360 1360 1360 1376 1376 1376 1376 1376 1376 1376 1376 1376 1376 1376

12:  1536 1536 1536 1536 1536 1552 1552 1552 1552 1552 1552 1552 1552 1552 1552 1552 1552 1552 1552 1552 1552 1568 1568 1568 1568 1568 1568 1568 1568 1568 1568 1568

13:  1600 1600 1600 1600 1600 1616 1616 1616 1616 1616 1616 1616 1616 1616 1616 1616 1616 1616 1616 1616 1616 1632 1632 1632 1632 1632 1632 1632 1632 1632 1632 1632

14:  1792 1792 1792 1792 1792 1808 1808 1808 1808 1808 1808 1808 1808 1808 1808 1808 1808 1808 1808 1808 1808 1824 1824 1824 1824 1824 1824 1824 1824 1824 1824 1824

15:  1856 1856 1856 1856 1856 1872 1872 1872 1872 1872 1872 1872 1872 1872 1872 1872 1872 1872 1872 1872 1872 1888 1888 1888 1888 1888 1888 1888 1888 1888 1888 1888


16:  0 0 0 0 0 0 0 0 0 0 0 0 0 0 0 0 0 0 0 0 0 0 0 0 0 0 0 0 0 0 0 0

17:  0 0 0 0 0 0 0 0 0 0 0 0 0 0 0 0 0 0 0 0 0 0 0 0 0 0 0 0 0 0 0 0

18:  0 0 0 0 0 0 0 0 0 0 0 0 0 0 0 0 0 0 0 0 0 0 0 0 0 0 0 0 0 0 0 0

19:  0 0 0 0 0 0 0 0 0 0 0 0 0 0 0 0 0 0 0 0 0 0 0 0 0 0 0 0 0 0 0 0

20:  0 0 0 0 0 0 0 0 0 0 0 0 0 0 0 0 0 0 0 0 0 0 0 0 0 0 0 0 0 0 0 0

21:  0 0 0 0 0 0 0 0 0 0 0 0 0 0 0 0 0 0 0 0 0 0 0 0 0 0 0 0 0 0 0 0

22:  0 0 0 0 0 0 0 0 0 0 0 0 0 0 0 0 0 0 0 0 0 0 0 0 0 0 0 0 0 0 0 0

23:  0 0 0 0 0 0 0 0 0 0 0 0 0 0 0 0 0 0 0 0 0 0 0 0 0 0 0 0 0 0 0 0


24:  0 0 0 0 0 0 0 0 0 0 0 0 0 0 0 0 0 0 0 0 0 0 0 0 0 0 0 0 0 0 0 0

25:  0 0 0 0 0 0 0 0 0 0 0 0 0 0 0 0 0 0 0 0 0 0 0 0 0 0 0 0 0 0 0 0

26:  0 0 0 0 0 0 0 0 0 0 0 0 0 0 0 0 0 0 0 0 0 0 0 0 0 0 0 0 0 0 0 0

27:  0 0 0 0 0 0 0 0 0 0 0 0 0 0 0 0 0 0 0 0 0 0 0 0 0 0 0 0 0 0 0 0

28:  0 0 0 0 0 0 0 0 0 0 0 0 0 0 0 0 0 0 0 0 0 0 0 0 0 0 0 0 0 0 0 0

29:  0 0 0 0 0 0 0 0 0 0 0 0 0 0 0 0 0 0 0 0 0 0 0 0 0 0 0 0 0 0 0 0

30:  0 0 0 0 0 0 0 0 0 0 0 0 0 0 0 0 0 0 0 0 0 0 0 0 0 0 0 0 0 0 0 0

31:  0 0 0 0 0 0 0 0 0 0 0 0 0 0 0 0 0 0 0 0 0 0 0 0 0 0 0 0 0 0 0 0

++++++
======

0:  32 33 34 35 36 37 38 39 40 41 42 43 44 45 46 47 48 49 50 51 52 53 54 55 56 57 58 59 60 61 62 63

1:  96 97 98 99 100 101 102 103 104 105 106 107 108 109 110 111 112 113 114 115 116 117 118 119 120 121 122 123 124 125 126 127

2:  288 288 292 292 292 292 296 296 296 296 300 300 300 300 304 304 304 304 308 308 308 308 312 312 312 312 316 316 316 316 320 320

3:  352 352 356 356 356 356 360 360 360 360 364 364 364 364 368 368 368 368 372 372 372 372 376 376 376 376 380 380 380 380 384 384

4:  544 544 544 552 552 552 552 552 552 552 552 560 560 560 560 560 560 560 560 568 568 568 568 568 568 568 568 576 576 576 576 576

5:  608 608 608 616 616 616 616 616 616 616 616 624 624 624 624 624 624 624 624 632 632 632 632 632 632 632 632 640 640 640 640 640

6:  800 800 800 808 808 808 808 808 808 808 808 816 816 816 816 816 816 816 816 824 824 824 824 824 824 824 824 832 832 832 832 832

7:  864 864 864 872 872 872 872 872 872 872 872 880 880 880 880 880 880 880 880 888 888 888 888 888 888 888 888 896 896 896 896 896


8:  1056 1056 1056 1056 1056 1072 1072 1072 1072 1072 1072 1072 1072 1072 1072 1072 1072 1072 1072 1072 1072 1088 1088 1088 1088 1088 1088 1088 1088 1088 1088 1088

9:  1120 1120 1120 1120 1120 1136 1136 1136 1136 1136 1136 1136 1136 1136 1136 1136 1136 1136 1136 1136 1136 1152 1152 1152 1152 1152 1152 1152 1152 1152 1152 1152

10:  1312 1312 1312 1312 1312 1328 1328 1328 1328 1328 1328 1328 1328 1328 1328 1328 1328 1328 1328 1328 1328 1344 1344 1344 1344 1344 1344 1344 1344 1344 1344 1344

11:  1376 1376 1376 1376 1376 1392 1392 1392 1392 1392 1392 1392 1392 1392 1392 1392 1392 1392 1392 1392 1392 1408 1408 1408 1408 1408 1408 1408 1408 1408 1408 1408

12:  1568 1568 1568 1568 1568 1584 1584 1584 1584 1584 1584 1584 1584 1584 1584 1584 1584 1584 1584 1584 1584 1600 1600 1600 1600 1600 1600 1600 1600 1600 1600 1600

13:  1632 1632 1632 1632 1632 1648 1648 1648 1648 1648 1648 1648 1648 1648 1648 1648 1648 1648 1648 1648 1648 1664 1664 1664 1664 1664 1664 1664 1664 1664 1664 1664

14:  1824 1824 1824 1824 1824 1840 1840 1840 1840 1840 1840 1840 1840 1840 1840 1840 1840 1840 1840 1840 1840 1856 1856 1856 1856 1856 1856 1856 1856 1856 1856 1856

15:  1888 1888 1888 1888 1888 1904 1904 1904 1904 1904 1904 1904 1904 1904 1904 1904 1904 1904 1904 1904 1904 1920 1920 1920 1920 1920 1920 1920 1920 1920 1920 1920


16:  0 0 0 0 0 0 0 0 0 0 0 0 0 0 0 0 0 0 0 0 0 0 0 0 0 0 0 0 0 0 0 0

17:  0 0 0 0 0 0 0 0 0 0 0 0 0 0 0 0 0 0 0 0 0 0 0 0 0 0 0 0 0 0 0 0

18:  0 0 0 0 0 0 0 0 0 0 0 0 0 0 0 0 0 0 0 0 0 0 0 0 0 0 0 0 0 0 0 0

19:  0 0 0 0 0 0 0 0 0 0 0 0 0 0 0 0 0 0 0 0 0 0 0 0 0 0 0 0 0 0 0 0

20:  0 0 0 0 0 0 0 0 0 0 0 0 0 0 0 0 0 0 0 0 0 0 0 0 0 0 0 0 0 0 0 0

21:  0 0 0 0 0 0 0 0 0 0 0 0 0 0 0 0 0 0 0 0 0 0 0 0 0 0 0 0 0 0 0 0

22:  0 0 0 0 0 0 0 0 0 0 0 0 0 0 0 0 0 0 0 0 0 0 0 0 0 0 0 0 0 0 0 0

23:  0 0 0 0 0 0 0 0 0 0 0 0 0 0 0 0 0 0 0 0 0 0 0 0 0 0 0 0 0 0 0 0


24:  0 0 0 0 0 0 0 0 0 0 0 0 0 0 0 0 0 0 0 0 0 0 0 0 0 0 0 0 0 0 0 0

25:  0 0 0 0 0 0 0 0 0 0 0 0 0 0 0 0 0 0 0 0 0 0 0 0 0 0 0 0 0 0 0 0

26:  0 0 0 0 0 0 0 0 0 0 0 0 0 0 0 0 0 0 0 0 0 0 0 0 0 0 0 0 0 0 0 0

27:  0 0 0 0 0 0 0 0 0 0 0 0 0 0 0 0 0 0 0 0 0 0 0 0 0 0 0 0 0 0 0 0

28:  0 0 0 0 0 0 0 0 0 0 0 0 0 0 0 0 0 0 0 0 0 0 0 0 0 0 0 0 0 0 0 0

29:  0 0 0 0 0 0 0 0 0 0 0 0 0 0 0 0 0 0 0 0 0 0 0 0 0 0 0 0 0 0 0 0

30:  0 0 0 0 0 0 0 0 0 0 0 0 0 0 0 0 0 0 0 0 0 0 0 0 0 0 0 0 0 0 0 0

31:  0 0 0 0 0 0 0 0 0 0 0 0 0 0 0 0 0 0 0 0 0 0 0 0 0 0 0 0 0 0 0 0

++++++
