Tilized original sin tiles
cb_id 3: { unpack data format: 5, size: 256, limit: 6976, page_size: 128, num_pages: 0, rd_ptr: 6720, wr_ptr: 0, wr_tile_ptr: 0 }
======

0:  0 1 2 3 4 5 6 7 8 9 10 11 12 13 14 15 64 65 66 67 68 69 70 71 72 73 74 75 76 77 78 79

1:  128 129 130 131 132 133 134 135 136 137 138 139 140 141 142 143 192 193 194 195 196 197 198 199 200 201 202 203 204 205 206 207

2:  256 256 258 260 260 260 262 264 264 264 266 268 268 268 270 272 320 320 322 324 324 324 326 328 328 328 330 332 332 332 334 336

3:  384 384 386 388 388 388 390 392 392 392 394 396 396 396 398 400 448 448 450 452 452 452 454 456 456 456 458 460 460 460 462 464

4:  512 512 512 516 516 516 520 520 520 520 520 524 524 524 528 528 576 576 576 580 580 580 584 584 584 584 584 588 588 588 592 592

5:  640 640 640 644 644 644 648 648 648 648 648 652 652 652 656 656 704 704 704 708 708 708 712 712 712 712 712 716 716 716 720 720

6:  768 768 768 772 772 772 776 776 776 776 776 780 780 780 784 784 832 832 832 836 836 836 840 840 840 840 840 844 844 844 848 848

7:  896 896 896 900 900 900 904 904 904 904 904 908 908 908 912 912 960 960 960 964 964 964 968 968 968 968 968 972 972 972 976 976


8:  16 17 18 19 20 21 22 23 24 25 26 27 28 29 30 31 80 81 82 83 84 85 86 87 88 89 90 91 92 93 94 95

9:  144 145 146 147 148 149 150 151 152 153 154 155 156 157 158 159 208 209 210 211 212 213 214 215 216 217 218 219 220 221 222 223

10:  272 272 274 276 276 276 278 280 280 280 282 284 284 284 286 288 336 336 338 340 340 340 342 344 344 344 346 348 348 348 350 352

11:  400 400 402 404 404 404 406 408 408 408 410 412 412 412 414 416 464 464 466 468 468 468 470 472 472 472 474 476 476 476 478 480

12:  528 528 528 532 532 532 536 536 536 536 536 540 540 540 544 544 592 592 592 596 596 596 600 600 600 600 600 604 604 604 608 608

13:  656 656 656 660 660 660 664 664 664 664 664 668 668 668 672 672 720 720 720 724 724 724 728 728 728 728 728 732 732 732 736 736

14:  784 784 784 788 788 788 792 792 792 792 792 796 796 796 800 800 848 848 848 852 852 852 856 856 856 856 856 860 860 860 864 864

15:  912 912 912 916 916 916 920 920 920 920 920 924 924 924 928 928 976 976 976 980 980 980 984 984 984 984 984 988 988 988 992 992


16:  1024 1024 1024 1024 1024 1032 1032 1032 1032 1032 1032 1032 1040 1040 1040 1040 1088 1088 1088 1088 1088 1096 1096 1096 1096 1096 1096 1096 1104 1104 1104 1104

17:  1152 1152 1152 1152 1152 1160 1160 1160 1160 1160 1160 1160 1168 1168 1168 1168 1216 1216 1216 1216 1216 1224 1224 1224 1224 1224 1224 1224 1232 1232 1232 1232

18:  1280 1280 1280 1280 1280 1288 1288 1288 1288 1288 1288 1288 1296 1296 1296 1296 1344 1344 1344 1344 1344 1352 1352 1352 1352 1352 1352 1352 1360 1360 1360 1360

19:  1408 1408 1408 1408 1408 1416 1416 1416 1416 1416 1416 1416 1424 1424 1424 1424 1472 1472 1472 1472 1472 1480 1480 1480 1480 1480 1480 1480 1488 1488 1488 1488

20:  1536 1536 1536 1536 1536 1544 1544 1544 1544 1544 1544 1544 1552 1552 1552 1552 1600 1600 1600 1600 1600 1608 1608 1608 1608 1608 1608 1608 1616 1616 1616 1616

21:  1664 1664 1664 1664 1664 1672 1672 1672 1672 1672 1672 1672 1680 1680 1680 1680 1728 1728 1728 1728 1728 1736 1736 1736 1736 1736 1736 1736 1744 1744 1744 1744

22:  1792 1792 1792 1792 1792 1800 1800 1800 1800 1800 1800 1800 1808 1808 1808 1808 1856 1856 1856 1856 1856 1864 1864 1864 1864 1864 1864 1864 1872 1872 1872 1872

23:  1920 1920 1920 1920 1920 1928 1928 1928 1928 1928 1928 1928 1936 1936 1936 1936 1984 1984 1984 1984 1984 1992 1992 1992 1992 1992 1992 1992 2000 2000 2000 2000


24:  1040 1040 1040 1040 1040 1048 1048 1048 1048 1048 1048 1048 1056 1056 1056 1056 1104 1104 1104 1104 1104 1112 1112 1112 1112 1112 1112 1112 1120 1120 1120 1120

25:  1168 1168 1168 1168 1168 1176 1176 1176 1176 1176 1176 1176 1184 1184 1184 1184 1232 1232 1232 1232 1232 1240 1240 1240 1240 1240 1240 1240 1248 1248 1248 1248

26:  1296 1296 1296 1296 1296 1304 1304 1304 1304 1304 1304 1304 1312 1312 1312 1312 1360 1360 1360 1360 1360 1368 1368 1368 1368 1368 1368 1368 1376 1376 1376 1376

27:  1424 1424 1424 1424 1424 1432 1432 1432 1432 1432 1432 1432 1440 1440 1440 1440 1488 1488 1488 1488 1488 1496 1496 1496 1496 1496 1496 1496 1504 1504 1504 1504

28:  1552 1552 1552 1552 1552 1560 1560 1560 1560 1560 1560 1560 1568 1568 1568 1568 1616 1616 1616 1616 1616 1624 1624 1624 1624 1624 1624 1624 1632 1632 1632 1632

29:  1680 1680 1680 1680 1680 1688 1688 1688 1688 1688 1688 1688 1696 1696 1696 1696 1744 1744 1744 1744 1744 1752 1752 1752 1752 1752 1752 1752 1760 1760 1760 1760

30:  1808 1808 1808 1808 1808 1816 1816 1816 1816 1816 1816 1816 1824 1824 1824 1824 1872 1872 1872 1872 1872 1880 1880 1880 1880 1880 1880 1880 1888 1888 1888 1888

31:  1936 1936 1936 1936 1936 1944 1944 1944 1944 1944 1944 1944 1952 1952 1952 1952 2000 2000 2000 2000 2000 2008 2008 2008 2008 2008 2008 2008 2016 2016 2016 2016

++++++
======

0:  32 33 34 35 36 37 38 39 40 41 42 43 44 45 46 47 96 97 98 99 100 101 102 103 104 105 106 107 108 109 110 111

1:  160 161 162 163 164 165 166 167 168 169 170 171 172 173 174 175 224 225 226 227 228 229 230 231 232 233 234 235 236 237 238 239

2:  288 288 290 292 292 292 294 296 296 296 298 300 300 300 302 304 352 352 354 356 356 356 358 360 360 360 362 364 364 364 366 368

3:  416 416 418 420 420 420 422 424 424 424 426 428 428 428 430 432 480 480 482 484 484 484 486 488 488 488 490 492 492 492 494 496

4:  544 544 544 548 548 548 552 552 552 552 552 556 556 556 560 560 608 608 608 612 612 612 616 616 616 616 616 620 620 620 624 624

5:  672 672 672 676 676 676 680 680 680 680 680 684 684 684 688 688 736 736 736 740 740 740 744 744 744 744 744 748 748 748 752 752

6:  800 800 800 804 804 804 808 808 808 808 808 812 812 812 816 816 864 864 864 868 868 868 872 872 872 872 872 876 876 876 880 880

7:  928 928 928 932 932 932 936 936 936 936 936 940 940 940 944 944 992 992 992 996 996 996 1000 1000 1000 1000 1000 1004 1004 1004 1008 1008


8:  48 49 50 51 52 53 54 55 56 57 58 59 60 61 62 63 112 113 114 115 116 117 118 119 120 121 122 123 124 125 126 127

9:  176 177 178 179 180 181 182 183 184 185 186 187 188 189 190 191 240 241 242 243 244 245 246 247 248 249 250 251 252 253 254 255

10:  304 304 306 308 308 308 310 312 312 312 314 316 316 316 318 320 368 368 370 372 372 372 374 376 376 376 378 380 380 380 382 384

11:  432 432 434 436 436 436 438 440 440 440 442 444 444 444 446 448 496 496 498 500 500 500 502 504 504 504 506 508 508 508 510 512

12:  560 560 560 564 564 564 568 568 568 568 568 572 572 572 576 576 624 624 624 628 628 628 632 632 632 632 632 636 636 636 640 640

13:  688 688 688 692 692 692 696 696 696 696 696 700 700 700 704 704 752 752 752 756 756 756 760 760 760 760 760 764 764 764 768 768

14:  816 816 816 820 820 820 824 824 824 824 824 828 828 828 832 832 880 880 880 884 884 884 888 888 888 888 888 892 892 892 896 896

15:  944 944 944 948 948 948 952 952 952 952 952 956 956 956 960 960 1008 1008 1008 1012 1012 1012 1016 1016 1016 1016 1016 1020 1020 1020 1024 1024


16:  1056 1056 1056 1056 1056 1064 1064 1064 1064 1064 1064 1064 1072 1072 1072 1072 1120 1120 1120 1120 1120 1128 1128 1128 1128 1128 1128 1128 1136 1136 1136 1136

17:  1184 1184 1184 1184 1184 1192 1192 1192 1192 1192 1192 1192 1200 1200 1200 1200 1248 1248 1248 1248 1248 1256 1256 1256 1256 1256 1256 1256 1264 1264 1264 1264

18:  1312 1312 1312 1312 1312 1320 1320 1320 1320 1320 1320 1320 1328 1328 1328 1328 1376 1376 1376 1376 1376 1384 1384 1384 1384 1384 1384 1384 1392 1392 1392 1392

19:  1440 1440 1440 1440 1440 1448 1448 1448 1448 1448 1448 1448 1456 1456 1456 1456 1504 1504 1504 1504 1504 1512 1512 1512 1512 1512 1512 1512 1520 1520 1520 1520

20:  1568 1568 1568 1568 1568 1576 1576 1576 1576 1576 1576 1576 1584 1584 1584 1584 1632 1632 1632 1632 1632 1640 1640 1640 1640 1640 1640 1640 1648 1648 1648 1648

21:  1696 1696 1696 1696 1696 1704 1704 1704 1704 1704 1704 1704 1712 1712 1712 1712 1760 1760 1760 1760 1760 1768 1768 1768 1768 1768 1768 1768 1776 1776 1776 1776

22:  1824 1824 1824 1824 1824 1832 1832 1832 1832 1832 1832 1832 1840 1840 1840 1840 1888 1888 1888 1888 1888 1896 1896 1896 1896 1896 1896 1896 1904 1904 1904 1904

23:  1952 1952 1952 1952 1952 1960 1960 1960 1960 1960 1960 1960 1968 1968 1968 1968 2016 2016 2016 2016 2016 2024 2024 2024 2024 2024 2024 2024 2032 2032 2032 2032


24:  1072 1072 1072 1072 1072 1080 1080 1080 1080 1080 1080 1080 1088 1088 1088 1088 1136 1136 1136 1136 1136 1144 1144 1144 1144 1144 1144 1144 1152 1152 1152 1152

25:  1200 1200 1200 1200 1200 1208 1208 1208 1208 1208 1208 1208 1216 1216 1216 1216 1264 1264 1264 1264 1264 1272 1272 1272 1272 1272 1272 1272 1280 1280 1280 1280

26:  1328 1328 1328 1328 1328 1336 1336 1336 1336 1336 1336 1336 1344 1344 1344 1344 1392 1392 1392 1392 1392 1400 1400 1400 1400 1400 1400 1400 1408 1408 1408 1408

27:  1456 1456 1456 1456 1456 1464 1464 1464 1464 1464 1464 1464 1472 1472 1472 1472 1520 1520 1520 1520 1520 1528 1528 1528 1528 1528 1528 1528 1536 1536 1536 1536

28:  1584 1584 1584 1584 1584 1592 1592 1592 1592 1592 1592 1592 1600 1600 1600 1600 1648 1648 1648 1648 1648 1656 1656 1656 1656 1656 1656 1656 1664 1664 1664 1664

29:  1712 1712 1712 1712 1712 1720 1720 1720 1720 1720 1720 1720 1728 1728 1728 1728 1776 1776 1776 1776 1776 1784 1784 1784 1784 1784 1784 1784 1792 1792 1792 1792

30:  1840 1840 1840 1840 1840 1848 1848 1848 1848 1848 1848 1848 1856 1856 1856 1856 1904 1904 1904 1904 1904 1912 1912 1912 1912 1912 1912 1912 1920 1920 1920 1920

31:  1968 1968 1968 1968 1968 1976 1976 1976 1976 1976 1976 1976 1984 1984 1984 1984 2032 2032 2032 2032 2032 2040 2040 2040 2040 2040 2040 2040 2048 2048 2048 2048

++++++
Untilized sin tiles
cb_id 28: { unpack data format: 5, size: 256, limit: 8724, page_size: 128, num_pages: 0, rd_ptr: 8468, wr_ptr: 0, wr_tile_ptr: 0 }
======

0:  0 1 2 3 4 5 6 7 8 9 10 11 12 13 14 15 16 17 18 19 20 21 22 23 24 25 26 27 28 29 30 31

1:  32 33 34 35 36 37 38 39 40 41 42 43 44 45 46 47 48 49 50 51 52 53 54 55 56 57 58 59 60 61 62 63

2:  64 65 66 67 68 69 70 71 72 73 74 75 76 77 78 79 80 81 82 83 84 85 86 87 88 89 90 91 92 93 94 95

3:  96 97 98 99 100 101 102 103 104 105 106 107 108 109 110 111 112 113 114 115 116 117 118 119 120 121 122 123 124 125 126 127

4:  128 129 130 131 132 133 134 135 136 137 138 139 140 141 142 143 144 145 146 147 148 149 150 151 152 153 154 155 156 157 158 159

5:  160 161 162 163 164 165 166 167 168 169 170 171 172 173 174 175 176 177 178 179 180 181 182 183 184 185 186 187 188 189 190 191

6:  192 193 194 195 196 197 198 199 200 201 202 203 204 205 206 207 208 209 210 211 212 213 214 215 216 217 218 219 220 221 222 223

7:  224 225 226 227 228 229 230 231 232 233 234 235 236 237 238 239 240 241 242 243 244 245 246 247 248 249 250 251 252 253 254 255


8:  256 256 258 260 260 260 262 264 264 264 266 268 268 268 270 272 272 272 274 276 276 276 278 280 280 280 282 284 284 284 286 288

9:  288 288 290 292 292 292 294 296 296 296 298 300 300 300 302 304 304 304 306 308 308 308 310 312 312 312 314 316 316 316 318 320

10:  320 320 322 324 324 324 326 328 328 328 330 332 332 332 334 336 336 336 338 340 340 340 342 344 344 344 346 348 348 348 350 352

11:  352 352 354 356 356 356 358 360 360 360 362 364 364 364 366 368 368 368 370 372 372 372 374 376 376 376 378 380 380 380 382 384

12:  384 384 386 388 388 388 390 392 392 392 394 396 396 396 398 400 400 400 402 404 404 404 406 408 408 408 410 412 412 412 414 416

13:  416 416 418 420 420 420 422 424 424 424 426 428 428 428 430 432 432 432 434 436 436 436 438 440 440 440 442 444 444 444 446 448

14:  448 448 450 452 452 452 454 456 456 456 458 460 460 460 462 464 464 464 466 468 468 468 470 472 472 472 474 476 476 476 478 480

15:  480 480 482 484 484 484 486 488 488 488 490 492 492 492 494 496 496 496 498 500 500 500 502 504 504 504 506 508 508 508 510 512


16:  512 512 512 516 516 516 520 520 520 520 520 524 524 524 528 528 528 528 528 532 532 532 536 536 536 536 536 540 540 540 544 544

17:  544 544 544 548 548 548 552 552 552 552 552 556 556 556 560 560 560 560 560 564 564 564 568 568 568 568 568 572 572 572 576 576

18:  576 576 576 580 580 580 584 584 584 584 584 588 588 588 592 592 592 592 592 596 596 596 600 600 600 600 600 604 604 604 608 608

19:  608 608 608 612 612 612 616 616 616 616 616 620 620 620 624 624 624 624 624 628 628 628 632 632 632 632 632 636 636 636 640 640

20:  640 640 640 644 644 644 648 648 648 648 648 652 652 652 656 656 656 656 656 660 660 660 664 664 664 664 664 668 668 668 672 672

21:  672 672 672 676 676 676 680 680 680 680 680 684 684 684 688 688 688 688 688 692 692 692 696 696 696 696 696 700 700 700 704 704

22:  704 704 704 708 708 708 712 712 712 712 712 716 716 716 720 720 720 720 720 724 724 724 728 728 728 728 728 732 732 732 736 736

23:  736 736 736 740 740 740 744 744 744 744 744 748 748 748 752 752 752 752 752 756 756 756 760 760 760 760 760 764 764 764 768 768


24:  768 768 768 772 772 772 776 776 776 776 776 780 780 780 784 784 784 784 784 788 788 788 792 792 792 792 792 796 796 796 800 800

25:  800 800 800 804 804 804 808 808 808 808 808 812 812 812 816 816 816 816 816 820 820 820 824 824 824 824 824 828 828 828 832 832

26:  832 832 832 836 836 836 840 840 840 840 840 844 844 844 848 848 848 848 848 852 852 852 856 856 856 856 856 860 860 860 864 864

27:  864 864 864 868 868 868 872 872 872 872 872 876 876 876 880 880 880 880 880 884 884 884 888 888 888 888 888 892 892 892 896 896

28:  896 896 896 900 900 900 904 904 904 904 904 908 908 908 912 912 912 912 912 916 916 916 920 920 920 920 920 924 924 924 928 928

29:  928 928 928 932 932 932 936 936 936 936 936 940 940 940 944 944 944 944 944 948 948 948 952 952 952 952 952 956 956 956 960 960

30:  960 960 960 964 964 964 968 968 968 968 968 972 972 972 976 976 976 976 976 980 980 980 984 984 984 984 984 988 988 988 992 992

31:  992 992 992 996 996 996 1000 1000 1000 1000 1000 1004 1004 1004 1008 1008 1008 1008 1008 1012 1012 1012 1016 1016 1016 1016 1016 1020 1020 1020 1024 1024

++++++
======

0:  1024 1024 1024 1024 1024 1032 1032 1032 1032 1032 1032 1032 1040 1040 1040 1040 1040 1040 1040 1040 1040 1048 1048 1048 1048 1048 1048 1048 1056 1056 1056 1056

1:  1056 1056 1056 1056 1056 1064 1064 1064 1064 1064 1064 1064 1072 1072 1072 1072 1072 1072 1072 1072 1072 1080 1080 1080 1080 1080 1080 1080 1088 1088 1088 1088

2:  1088 1088 1088 1088 1088 1096 1096 1096 1096 1096 1096 1096 1104 1104 1104 1104 1104 1104 1104 1104 1104 1112 1112 1112 1112 1112 1112 1112 1120 1120 1120 1120

3:  1120 1120 1120 1120 1120 1128 1128 1128 1128 1128 1128 1128 1136 1136 1136 1136 1136 1136 1136 1136 1136 1144 1144 1144 1144 1144 1144 1144 1152 1152 1152 1152

4:  1152 1152 1152 1152 1152 1160 1160 1160 1160 1160 1160 1160 1168 1168 1168 1168 1168 1168 1168 1168 1168 1176 1176 1176 1176 1176 1176 1176 1184 1184 1184 1184

5:  1184 1184 1184 1184 1184 1192 1192 1192 1192 1192 1192 1192 1200 1200 1200 1200 1200 1200 1200 1200 1200 1208 1208 1208 1208 1208 1208 1208 1216 1216 1216 1216

6:  1216 1216 1216 1216 1216 1224 1224 1224 1224 1224 1224 1224 1232 1232 1232 1232 1232 1232 1232 1232 1232 1240 1240 1240 1240 1240 1240 1240 1248 1248 1248 1248

7:  1248 1248 1248 1248 1248 1256 1256 1256 1256 1256 1256 1256 1264 1264 1264 1264 1264 1264 1264 1264 1264 1272 1272 1272 1272 1272 1272 1272 1280 1280 1280 1280


8:  1280 1280 1280 1280 1280 1288 1288 1288 1288 1288 1288 1288 1296 1296 1296 1296 1296 1296 1296 1296 1296 1304 1304 1304 1304 1304 1304 1304 1312 1312 1312 1312

9:  1312 1312 1312 1312 1312 1320 1320 1320 1320 1320 1320 1320 1328 1328 1328 1328 1328 1328 1328 1328 1328 1336 1336 1336 1336 1336 1336 1336 1344 1344 1344 1344

10:  1344 1344 1344 1344 1344 1352 1352 1352 1352 1352 1352 1352 1360 1360 1360 1360 1360 1360 1360 1360 1360 1368 1368 1368 1368 1368 1368 1368 1376 1376 1376 1376

11:  1376 1376 1376 1376 1376 1384 1384 1384 1384 1384 1384 1384 1392 1392 1392 1392 1392 1392 1392 1392 1392 1400 1400 1400 1400 1400 1400 1400 1408 1408 1408 1408

12:  1408 1408 1408 1408 1408 1416 1416 1416 1416 1416 1416 1416 1424 1424 1424 1424 1424 1424 1424 1424 1424 1432 1432 1432 1432 1432 1432 1432 1440 1440 1440 1440

13:  1440 1440 1440 1440 1440 1448 1448 1448 1448 1448 1448 1448 1456 1456 1456 1456 1456 1456 1456 1456 1456 1464 1464 1464 1464 1464 1464 1464 1472 1472 1472 1472

14:  1472 1472 1472 1472 1472 1480 1480 1480 1480 1480 1480 1480 1488 1488 1488 1488 1488 1488 1488 1488 1488 1496 1496 1496 1496 1496 1496 1496 1504 1504 1504 1504

15:  1504 1504 1504 1504 1504 1512 1512 1512 1512 1512 1512 1512 1520 1520 1520 1520 1520 1520 1520 1520 1520 1528 1528 1528 1528 1528 1528 1528 1536 1536 1536 1536


16:  1536 1536 1536 1536 1536 1544 1544 1544 1544 1544 1544 1544 1552 1552 1552 1552 1552 1552 1552 1552 1552 1560 1560 1560 1560 1560 1560 1560 1568 1568 1568 1568

17:  1568 1568 1568 1568 1568 1576 1576 1576 1576 1576 1576 1576 1584 1584 1584 1584 1584 1584 1584 1584 1584 1592 1592 1592 1592 1592 1592 1592 1600 1600 1600 1600

18:  1600 1600 1600 1600 1600 1608 1608 1608 1608 1608 1608 1608 1616 1616 1616 1616 1616 1616 1616 1616 1616 1624 1624 1624 1624 1624 1624 1624 1632 1632 1632 1632

19:  1632 1632 1632 1632 1632 1640 1640 1640 1640 1640 1640 1640 1648 1648 1648 1648 1648 1648 1648 1648 1648 1656 1656 1656 1656 1656 1656 1656 1664 1664 1664 1664

20:  1664 1664 1664 1664 1664 1672 1672 1672 1672 1672 1672 1672 1680 1680 1680 1680 1680 1680 1680 1680 1680 1688 1688 1688 1688 1688 1688 1688 1696 1696 1696 1696

21:  1696 1696 1696 1696 1696 1704 1704 1704 1704 1704 1704 1704 1712 1712 1712 1712 1712 1712 1712 1712 1712 1720 1720 1720 1720 1720 1720 1720 1728 1728 1728 1728

22:  1728 1728 1728 1728 1728 1736 1736 1736 1736 1736 1736 1736 1744 1744 1744 1744 1744 1744 1744 1744 1744 1752 1752 1752 1752 1752 1752 1752 1760 1760 1760 1760

23:  1760 1760 1760 1760 1760 1768 1768 1768 1768 1768 1768 1768 1776 1776 1776 1776 1776 1776 1776 1776 1776 1784 1784 1784 1784 1784 1784 1784 1792 1792 1792 1792


24:  1792 1792 1792 1792 1792 1800 1800 1800 1800 1800 1800 1800 1808 1808 1808 1808 1808 1808 1808 1808 1808 1816 1816 1816 1816 1816 1816 1816 1824 1824 1824 1824

25:  1824 1824 1824 1824 1824 1832 1832 1832 1832 1832 1832 1832 1840 1840 1840 1840 1840 1840 1840 1840 1840 1848 1848 1848 1848 1848 1848 1848 1856 1856 1856 1856

26:  1856 1856 1856 1856 1856 1864 1864 1864 1864 1864 1864 1864 1872 1872 1872 1872 1872 1872 1872 1872 1872 1880 1880 1880 1880 1880 1880 1880 1888 1888 1888 1888

27:  1888 1888 1888 1888 1888 1896 1896 1896 1896 1896 1896 1896 1904 1904 1904 1904 1904 1904 1904 1904 1904 1912 1912 1912 1912 1912 1912 1912 1920 1920 1920 1920

28:  1920 1920 1920 1920 1920 1928 1928 1928 1928 1928 1928 1928 1936 1936 1936 1936 1936 1936 1936 1936 1936 1944 1944 1944 1944 1944 1944 1944 1952 1952 1952 1952

29:  1952 1952 1952 1952 1952 1960 1960 1960 1960 1960 1960 1960 1968 1968 1968 1968 1968 1968 1968 1968 1968 1976 1976 1976 1976 1976 1976 1976 1984 1984 1984 1984

30:  1984 1984 1984 1984 1984 1992 1992 1992 1992 1992 1992 1992 2000 2000 2000 2000 2000 2000 2000 2000 2000 2008 2008 2008 2008 2008 2008 2008 2016 2016 2016 2016

31:  2016 2016 2016 2016 2016 2024 2024 2024 2024 2024 2024 2024 2032 2032 2032 2032 2032 2032 2032 2032 2032 2040 2040 2040 2040 2040 2040 2040 2048 2048 2048 2048

++++++
Retilized sin tiles
cb_id 30: { unpack data format: 5, size: 256, limit: 8212, page_size: 128, num_pages: 0, rd_ptr: 7956, wr_ptr: 0, wr_tile_ptr: 0 }
======

0:  0 1 2 3 4 5 6 7 8 9 10 11 12 13 14 15 64 65 66 67 68 69 70 71 72 73 74 75 76 77 78 79

1:  64 65 66 67 68 69 70 71 72 73 74 75 76 77 78 79 128 129 130 131 132 133 134 135 136 137 138 139 140 141 142 143

2:  192 193 194 195 196 197 198 199 200 201 202 203 204 205 206 207 192 193 194 195 196 197 198 199 200 201 202 203 204 205 206 207

3:  256 256 258 260 260 260 262 264 264 264 266 268 268 268 270 272 320 320 322 324 324 324 326 328 328 328 330 332 332 332 334 336

4:  320 320 322 324 324 324 326 328 328 328 330 332 332 332 334 336 384 384 386 388 388 388 390 392 392 392 394 396 396 396 398 400

5:  448 448 450 452 452 452 454 456 456 456 458 460 460 460 462 464 448 448 450 452 452 452 454 456 456 456 458 460 460 460 462 464

6:  16 17 18 19 20 21 22 23 24 25 26 27 28 29 30 31 80 81 82 83 84 85 86 87 88 89 90 91 92 93 94 95

7:  80 81 82 83 84 85 86 87 88 89 90 91 92 93 94 95 144 145 146 147 148 149 150 151 152 153 154 155 156 157 158 159


8:  208 209 210 211 212 213 214 215 216 217 218 219 220 221 222 223 208 209 210 211 212 213 214 215 216 217 218 219 220 221 222 223

9:  272 272 274 276 276 276 278 280 280 280 282 284 284 284 286 288 336 336 338 340 340 340 342 344 344 344 346 348 348 348 350 352

10:  336 336 338 340 340 340 342 344 344 344 346 348 348 348 350 352 400 400 402 404 404 404 406 408 408 408 410 412 412 412 414 416

11:  464 464 466 468 468 468 470 472 472 472 474 476 476 476 478 480 464 464 466 468 468 468 470 472 472 472 474 476 476 476 478 480

12:  512 512 512 516 516 516 520 520 520 520 520 524 524 524 528 528 576 576 576 580 580 580 584 584 584 584 584 588 588 588 592 592

13:  576 576 576 580 580 580 584 584 584 584 584 588 588 588 592 592 640 640 640 644 644 644 648 648 648 648 648 652 652 652 656 656

14:  704 704 704 708 708 708 712 712 712 712 712 716 716 716 720 720 704 704 704 708 708 708 712 712 712 712 712 716 716 716 720 720

15:  768 768 768 772 772 772 776 776 776 776 776 780 780 780 784 784 832 832 832 836 836 836 840 840 840 840 840 844 844 844 848 848


16:  832 832 832 836 836 836 840 840 840 840 840 844 844 844 848 848 896 896 896 900 900 900 904 904 904 904 904 908 908 908 912 912

17:  960 960 960 964 964 964 968 968 968 968 968 972 972 972 976 976 960 960 960 964 964 964 968 968 968 968 968 972 972 972 976 976

18:  528 528 528 532 532 532 536 536 536 536 536 540 540 540 544 544 592 592 592 596 596 596 600 600 600 600 600 604 604 604 608 608

19:  592 592 592 596 596 596 600 600 600 600 600 604 604 604 608 608 656 656 656 660 660 660 664 664 664 664 664 668 668 668 672 672

20:  720 720 720 724 724 724 728 728 728 728 728 732 732 732 736 736 720 720 720 724 724 724 728 728 728 728 728 732 732 732 736 736

21:  784 784 784 788 788 788 792 792 792 792 792 796 796 796 800 800 848 848 848 852 852 852 856 856 856 856 856 860 860 860 864 864

22:  848 848 848 852 852 852 856 856 856 856 856 860 860 860 864 864 912 912 912 916 916 916 920 920 920 920 920 924 924 924 928 928

23:  976 976 976 980 980 980 984 984 984 984 984 988 988 988 992 992 976 976 976 980 980 980 984 984 984 984 984 988 988 988 992 992


24:  1472 1472 1472 1472 1472 1488 1488 1488 1488 1488 1488 1488 1488 1488 1488 1488 1488 1488 1488 1488 1488 1504 1504 1504 1504 1504 1504 1504 1504 1504 1504 1504

25:  1504 1504 1504 1504 1504 1520 1520 1520 1520 1520 1520 1520 1520 1520 1520 1520 1520 1520 1520 1520 1520 1536 1536 1536 1536 1536 1536 1536 1536 1536 1536 1536

26:  1536 1536 1536 1536 1536 1552 1552 1552 1552 1552 1552 1552 1552 1552 1552 1552 1552 1552 1552 1552 1552 1568 1568 1568 1568 1568 1568 1568 1568 1568 1568 1568

27:  1568 1568 1568 1568 1568 1584 1584 1584 1584 1584 1584 1584 1584 1584 1584 1584 1584 1584 1584 1584 1584 1600 1600 1600 1600 1600 1600 1600 1600 1600 1600 1600

28:  1600 1600 1600 1600 1600 1616 1616 1616 1616 1616 1616 1616 1616 1616 1616 1616 1616 1616 1616 1616 1616 1632 1632 1632 1632 1632 1632 1632 1632 1632 1632 1632

29:  1632 1632 1632 1632 1632 1648 1648 1648 1648 1648 1648 1648 1648 1648 1648 1648 1648 1648 1648 1648 1648 1664 1664 1664 1664 1664 1664 1664 1664 1664 1664 1664

30:  1664 1664 1664 1664 1664 1680 1680 1680 1680 1680 1680 1680 1680 1680 1680 1680 1680 1680 1680 1680 1680 1696 1696 1696 1696 1696 1696 1696 1696 1696 1696 1696

31:  1696 1696 1696 1696 1696 1712 1712 1712 1712 1712 1712 1712 1712 1712 1712 1712 1712 1712 1712 1712 1712 1728 1728 1728 1728 1728 1728 1728 1728 1728 1728 1728

++++++
======

0:  32 33 34 35 36 37 38 39 40 41 42 43 44 45 46 47 96 97 98 99 100 101 102 103 104 105 106 107 108 109 110 111

1:  96 97 98 99 100 101 102 103 104 105 106 107 108 109 110 111 160 161 162 163 164 165 166 167 168 169 170 171 172 173 174 175

2:  224 225 226 227 228 229 230 231 232 233 234 235 236 237 238 239 224 225 226 227 228 229 230 231 232 233 234 235 236 237 238 239

3:  288 288 290 292 292 292 294 296 296 296 298 300 300 300 302 304 352 352 354 356 356 356 358 360 360 360 362 364 364 364 366 368

4:  352 352 354 356 356 356 358 360 360 360 362 364 364 364 366 368 416 416 418 420 420 420 422 424 424 424 426 428 428 428 430 432

5:  480 480 482 484 484 484 486 488 488 488 490 492 492 492 494 496 480 480 482 484 484 484 486 488 488 488 490 492 492 492 494 496

6:  48 49 50 51 52 53 54 55 56 57 58 59 60 61 62 63 112 113 114 115 116 117 118 119 120 121 122 123 124 125 126 127

7:  112 113 114 115 116 117 118 119 120 121 122 123 124 125 126 127 176 177 178 179 180 181 182 183 184 185 186 187 188 189 190 191


8:  240 241 242 243 244 245 246 247 248 249 250 251 252 253 254 255 240 241 242 243 244 245 246 247 248 249 250 251 252 253 254 255

9:  304 304 306 308 308 308 310 312 312 312 314 316 316 316 318 320 368 368 370 372 372 372 374 376 376 376 378 380 380 380 382 384

10:  368 368 370 372 372 372 374 376 376 376 378 380 380 380 382 384 432 432 434 436 436 436 438 440 440 440 442 444 444 444 446 448

11:  496 496 498 500 500 500 502 504 504 504 506 508 508 508 510 512 496 496 498 500 500 500 502 504 504 504 506 508 508 508 510 512

12:  544 544 544 548 548 548 552 552 552 552 552 556 556 556 560 560 608 608 608 612 612 612 616 616 616 616 616 620 620 620 624 624

13:  608 608 608 612 612 612 616 616 616 616 616 620 620 620 624 624 672 672 672 676 676 676 680 680 680 680 680 684 684 684 688 688

14:  736 736 736 740 740 740 744 744 744 744 744 748 748 748 752 752 736 736 736 740 740 740 744 744 744 744 744 748 748 748 752 752

15:  800 800 800 804 804 804 808 808 808 808 808 812 812 812 816 816 864 864 864 868 868 868 872 872 872 872 872 876 876 876 880 880


16:  864 864 864 868 868 868 872 872 872 872 872 876 876 876 880 880 928 928 928 932 932 932 936 936 936 936 936 940 940 940 944 944

17:  992 992 992 996 996 996 1000 1000 1000 1000 1000 1004 1004 1004 1008 1008 992 992 992 996 996 996 1000 1000 1000 1000 1000 1004 1004 1004 1008 1008

18:  560 560 560 564 564 564 568 568 568 568 568 572 572 572 576 576 624 624 624 628 628 628 632 632 632 632 632 636 636 636 640 640

19:  624 624 624 628 628 628 632 632 632 632 632 636 636 636 640 640 688 688 688 692 692 692 696 696 696 696 696 700 700 700 704 704

20:  752 752 752 756 756 756 760 760 760 760 760 764 764 764 768 768 752 752 752 756 756 756 760 760 760 760 760 764 764 764 768 768

21:  816 816 816 820 820 820 824 824 824 824 824 828 828 828 832 832 880 880 880 884 884 884 888 888 888 888 888 892 892 892 896 896

22:  880 880 880 884 884 884 888 888 888 888 888 892 892 892 896 896 944 944 944 948 948 948 952 952 952 952 952 956 956 956 960 960

23:  1008 1008 1008 1012 1012 1012 1016 1016 1016 1016 1016 1020 1020 1020 1024 1024 1008 1008 1008 1012 1012 1012 1016 1016 1016 1016 1016 1020 1020 1020 1024 1024


24:  0 0 0 0 0 0 0 0 0 0 0 0 0 0 0 0 0 0 0 0 0 0 0 0 0 0 0 0 0 0 0 0

25:  0 0 0 0 0 0 0 0 0 0 0 0 0 0 0 0 0 0 0 0 0 0 0 0 0 0 0 0 0 0 0 0

26:  0 0 0 0 0 0 0 0 0 0 0 0 0 0 0 0 0 0 0 0 0 0 0 0 0 0 0 0 0 0 0 0

27:  0 0 0 0 0 0 0 0 0 0 0 0 0 0 0 0 0 0 0 0 0 0 0 0 0 0 0 0 0 0 0 0

28:  0 0 0 0 0 0 0 0 0 0 0 0 0 0 0 0 0 0 0 0 0 0 0 0 0 0 0 0 0 0 0 0

29:  0 0 0 0 0 0 0 0 0 0 0 0 0 0 0 0 0 0 0 0 0 0 0 0 0 0 0 0 0 0 0 0

30:  0 0 0 0 0 0 0 0 0 0 0 0 0 0 0 0 0 0 0 0 0 0 0 0 0 0 0 0 0 0 0 0

31:  0 0 0 0 0 0 0 0 0 0 0 0 0 0 0 0 0 0 0 0 0 0 0 0 0 0 0 0 0 0 0 0

++++++
